--------------
Dance Of Death

-3 -4 4 -5 4 -3 
6 6 -5 4 -4 -3 
6 6 7 6 -5 4 -5 4 -3 
6 6 -5 4 -4 -3 
--------------
--------------
Hobbit

3 -3 -4 -5 -4 -3 3 
-4 -5 6 7 -6* -5 -4 4 -4 -3 
3 -3 -4 -5 -4 -3 3 
-4 -5 6 6 -5 -4 -3 
3 -3 -4 -4 6 7 -7 7 -6* -5 -4 4 -4 -3 3 -3 -4 
-4 6 7 -7 7 -7 -8 -8 7 6 -5 -5 -4 3 -3 
--------------
--------------
Istanbulda Sonbahar

1 1 1 1 -1 2 
2 -3 3 -2 3 -2 
-1 -2 4 -4 -3 3 2 
2 2 -2 2 -1 1 -1 
1 1 1 1 1 -2 2 
1 1 1 1 -1 2 
-3 3 -2 3 -2 
2 4 -4 -3 3 2 
2 -2 2 -1 1 -1 
1 1 -1 1 1 -2 2 
-2 -2 2 -2 -3 
2 2 2 -1 2 1 
-2 -2 2 -2 -3 3 -2 2 
-2 -2 2 -2 -3 
2 2 -1 2 1 
1 1 1 -2 2 -2 2 
-3 -4 -3 -2 
-3 3 -1 2 
-3 -4 -3 -2 2 -1 
-1 1 -1 2 -1 2 
--------------
--------------
Hallelujah

-3 4 4 4 4 -5 -5 -5 
-3 4 4 4 4 4 -5 -5 -5 
4 -5 -5 -5 -5 -5 4 4 -3* 4 4 
-3 4 4 4 4 -5 -5 6 
4 -6 -6 -5 -6 -6 7 
-6 7 7 7 7 -7 -7 -7 7 7 -6 -6 
-3 4 -5 -5 -5 4 -3 -3 
-3 4 -5 -5 -5 4 -3 -3* -3 3 -2 2 -2 
--------------
--------------
Got Theme

-7 -5 -6 7 -7 -5 -6 7 6 
7 4 6 -6 7 4 -6 6 -5 
-7 -5 -6 7 -7 -5 -6 7 6 
7 4 6 -6 6 4 -5 
-9 8 -5 -7 4 -6 7 -7 
-9 8 7 -7 4 -6 6 -5 
--------------
--------------
Wind of Change

-5 6 -6 -5 6 -6 7 -6 
-5 6 -6 -5 6 -6 7 -6 
-6 7 -7 -6 7 4 -6 6 
-2 3 -3 -2 3 
3 -3 -3* 4 -3 
-2 -3* -3 3 -3 3 1 -2 2 
-2 3 -3 -2 3 
3 -3 -3* 4 -3 
-2 -3* -3 3 -3 3 1 -2 2 
-3 3 3 -3 -3* -3* -3* -3* 4 -3* 
-3 3 -3 3 3 
3 -3 -3* -3* -3* -3* 4 -3* -3 3 -3 
-2 -2 -3* -3 3 
--------------
--------------
la vien rose

-6 6 -5 4 -3 -6 6 
-5 4 -3 -2 6 -5 
4 -3 -2 -2 6 -5 4 
-6 6 -5 4 -3 -6 6 
-5 4 -3 -2 6 -5 
4 -3 -2 -2 6 -5 4 
-6 6 -5 4 -3 -6 6 
-5 4 -3 -2 6 -5 
4 -3 -2 -2 6 -5 4 
7 7 -6 7 7 -6 7 7 -6 4 
7 7 -6 7 7 -6 7 7 -6 -7 7 
-6 6 -5 4 -3 -6 6 
-5 4 -3 -2 6 -5 
4 -5 -5 -6 
--------------
